features = ['bagrot', 'first_semester_score', 'pysicometry', 'prefer_lecture_and_practice', 'prefer_record_lecture_and_not_practice', 'prefer_not_lecture_and_recorded_practice', 'prefer_lecture_and_practice', 'prefer_lecture_and_frontal_practice', 'read_slides_happiness', 'study_just_before_the_exam', 'hw_each_week']

Sigma = [[1.08586889e+03 1.30379605e+03 8.37683599e-07 9.26119464e-01
  1.66909553e+00 1.53173861e+00 9.26119464e-01 1.81893944e+00
  1.72112467e+00 1.41727451e+00 1.53798211e+00]
 [8.15815981e+01 6.32305556e+02 8.37683599e-07 1.05555639e+00
  1.58333417e+00 1.07638973e+00 1.05555639e+00 1.65972306e+00
  1.62326473e+00 7.48264727e-01 6.59723060e-01]
 [1.34650001e+02 4.02832223e+02 8.37683599e-07 1.00000084e+00
  1.78222306e+00 7.73334171e-01 1.00000084e+00 2.29000084e+00
  1.71222306e+00 1.91555639e+00 1.50666750e+00]]
Theta = [[73.74193548 75.5483871   0.          1.90322581  2.48387097  2.12903226
   1.90322581  2.29032258  2.38709677  2.25806452  3.4516129 ]
 [87.54166667 81.16666667  1.          2.16666667  2.5         1.91666667
   2.16666667  2.41666667  2.70833333  2.20833333  3.41666667]
 [85.5        90.63333333  2.          2.          2.53333333  1.6
   2.          2.9         2.43333333  2.13333333  3.6       ]]