features = ['bagrot', 'first_semester_score', 'pysicometry', 'prefer_lecture_and_practice', 'prefer_record_lecture_and_not_practice', 'prefer_not_lecture_and_recorded_practice', 'prefer_lecture_and_practice', 'prefer_lecture_and_frontal_practice', 'read_slides_happiness', 'study_just_before_the_exam', 'hw_each_week']

Sigma = [[1.70436364e+03 8.18545456e+02 1.42452381e-06 2.41322457e+00
  2.62810060e+00 1.10743944e+00 2.41322457e+00 1.86777002e+00
  1.17355514e+00 3.30579937e-01 3.30579937e-01]
 [1.05053061e+03 1.49765816e+03 1.42452381e-06 1.94387898e+00
  1.48979734e+00 1.06632796e+00 1.94387898e+00 1.45408306e+00
  1.35204224e+00 7.39797343e-01 1.24489938e+00]
 [6.70034616e+01 1.67777855e+03 1.42452381e-06 1.41868655e+00
  8.30451252e-01 1.23875575e+00 1.41868655e+00 1.52249277e+00
  1.42560696e+00 1.26643741e+00 1.40484572e+00]]
Theta = [[67.         56.          0.          2.63636364  2.90909091  2.27272727
   2.63636364  2.63636364  2.90909091  2.81818182  2.81818182]
 [76.42857143 70.35714286  1.          2.64285714  2.71428571  2.07142857
   2.64285714  2.21428571  1.92857143  2.78571429  3.42857143]
 [86.23529412 61.47058824  2.          2.58823529  2.58823529  1.76470588
   2.58823529  2.64705882  2.47058824  2.29411765  3.35294118]]